time,x,y,z,phi,theta,psi,x_velocity,y_velocity,z_velocity,phi_velocity,theta_velocity,psi_velocity,rotor_speed1,rotor_speed2,rotor_speed3,rotor_speed4
0.06,-1.194013188802075e-06,-7.279334726322388e-08,10.00546276435552,6.283079974575626,6.28259007053979,0.0,-3.421776457023323e-05,-8.149230767820518e-06,0.18207991878844448,-0.005520923816840337,-0.054626475891961256,0.0,464.62505440894563,460.3230358120853,462.1590230944621,461.7237833371471
0.12000000000000001,2.2156978749458067e-05,-4.1658794334303025e-06,10.019793295682751,6.282523673985647,6.279031966821439,0.0,0.0011657727597992331,-0.00017307105880161143,0.2955805837420604,-0.018089669537817654,-0.07083738830531855,0.0,442.0623267326301,440.72212388289535,441.54922896966735,440.51140688534093
0.18,0.00020394050130729556,-3.404303603755923e-05,10.042573781330018,6.281003001021849,6.275062912860356,0.0,0.005352592776926237,-0.0009612326704105513,0.4637124590463478,-0.04664781409396054,-0.058128186887647045,0.0,457.694818774382,458.70185930725734,459.1896836949496,456.9187427032319
0.23999999999999996,0.000689807666839589,-0.00014255265639454297,10.071538654952153,6.278086113732408,6.271734386782493,0.0,0.011158790437553176,-0.0029207126277929363,0.5017632911217597,-0.05286992246106843,-0.05063932590425859,0.0,416.15710660633107,416.8096754962482,417.842189601647,417.2978521261025
0.3,0.0016174593633553318,-0.0004398422726176004,10.105463620871593,6.274479165736162,6.268507063119021,0.0,0.020093442434377867,-0.007340815374051718,0.6290005346346067,-0.08136529802427515,-0.060975077395087174,0.0,446.6041800630928,445.75854629992847,446.5095011353792,444.1762156931823
0.36000000000000004,0.0030641827101601134,-0.0010307196430027151,10.141241504587681,6.270056798940701,6.264635984952276,0.0,0.028422138484351656,-0.012713500751174231,0.5636224468473096,-0.061638356586837285,-0.07275655266926201,0.0,381.39092024848276,380.260270948118,380.79966446569506,382.67638325712204
0.4200000000000001,0.005186360510963194,-0.0020911828987599623,10.178941708425679,6.266213732295725,6.259789316069988,0.0,0.0427957727361389,-0.023034666512915372,0.6929652561342732,-0.06937263783227596,-0.10603408075589778,0.0,446.6875663756578,443.9600988325988,448.0502453482744,447.41810078020364
0.48000000000000015,0.008292570070257552,-0.003862118671568754,10.224811497215068,6.262538523755072,6.254173146491679,0.0,0.061383141291268026,-0.03641534357832957,0.8359089878889285,-0.04861294457801019,-0.07618182622058667,0.0,450.2050424693826,452.60588314608395,449.6437028721931,451.319341168823
0.5400000000000001,0.012448901672006553,-0.006382815820210032,10.273153663602566,6.259642984106108,6.249253445521145,0.0,0.0775308333202192,-0.04783608020915103,0.7755232717699592,-0.04756056570729247,-0.09734412357412382,0.0,384.19266301461374,382.17424715086753,383.80127902953456,383.89930645674394
0.6000000000000002,0.017763927900743062,-0.00970919234095152,10.32097169165288,6.256649805953508,6.243856722225656,0.0,0.10015812473299536,-0.0633151127888078,0.8183544165775948,-0.0549968185584507,-0.07820855515714364,0.0,418.43372208717767,420.08854050102946,419.4615468174191,418.81360996432636
0.6600000000000003,0.024672061730150324,-0.014114829006170613,10.374753246708288,6.253125238601225,6.238951911817535,0.0,0.13063558887070928,-0.08391057520218304,0.9742096979546705,-0.0675427796480973,-0.08997144938569178,0.0,455.1294151731653,454.18178219566516,456.3672821452881,455.36253220517835
0.7200000000000003,0.0335436771780951,-0.019853945382364856,10.438401833577185,6.24908434942731,6.234294190299387,0.0,0.1656360007847631,-0.10784434467490002,1.147208630469372,-0.06696190730667732,-0.06029469064302692,0.0,458.05013679997967,460.3988788529839,462.377060323996,462.4196088755688
0.7800000000000004,0.04471259647993604,-0.027189641980738102,10.514383002484308,6.244802988197865,6.230393068923384,0.0,0.20710486697980976,-0.1371749960109301,1.3851931447528696,-0.08203112482713744,-0.07670568016695373,0.0,481.21817485035155,479.9715733863158,480.90188617785736,479.7556173158295
0.8400000000000004,0.058275267588489846,-0.036252418757643644,10.601000452068966,6.239946311498214,6.22593085044549,0.0,0.24544801467777372,-0.16542176645742193,1.5018566739196573,-0.07885688332033028,-0.07006912655675039,0.0,444.2098278735548,444.74932216520716,444.58273410018364,444.8374244601252
0.9000000000000005,0.0741129087110155,-0.0470223520196005,10.692576517020278,6.234881101365811,6.221961459259132,0.0,0.28285261324848976,-0.1940318913151212,1.55056398067304,-0.09887819165972002,-0.05930116420193488,0.0,422.2448373986604,423.1691403274837,424.5617903788752,422.8341842028849
0.9600000000000005,0.09251239687445077,-0.05980450409573202,10.79100092157589,6.228873816137138,6.218437237183993,0.0,0.33084804576390975,-0.23270527411758052,1.7299250777987978,-0.1027294305351275,-0.05763245731360732,0.0,464.01587251253983,464.1445918053668,465.11795313749883,464.8080877079082
1.0200000000000005,0.11360251762444079,-0.07481769107756828,10.89606397321581,6.222154279911358,6.214792668407288,0.0,0.3724796503371267,-0.26831716162737185,1.7720466408764024,-0.1463369120019585,-0.06782640174962441,0.0,422.1776311848628,421.2943177870952,424.17442010025053,420.3997682048651
1.0800000000000005,0.13750955344218854,-0.09232916677760307,11.007232477462175,6.212835580572573,6.211224908879483,0.0,0.42481958773346357,-0.31637029502642444,1.933201348183738,-0.1870127231387473,-0.04652335096297176,0.0,459.3590456088753,461.0426305712838,461.4968327399466,458.2516353521838
1.1400000000000006,0.16470951112671764,-0.11302093810897773,11.129114227281105,6.201837206712524,6.208087600579674,0.0,0.48215561800502144,-0.3746177981486344,2.1290351400592455,-0.17677687240703804,-0.06746961060907045,0.0,471.1429165613441,469.51899562668865,471.79554814984186,472.55466734000055
1.2000000000000006,0.1951690936225663,-0.13718002060342904,11.259320860870494,6.191251082294922,6.203946630746778,0.0,0.5335532723428931,-0.43172159664285664,2.210884870328039,-0.17576206141029793,-0.07230219594127116,0.0,437.20693640412617,436.8004216371201,437.2822059996524,437.336178745931
1.2600000000000007,0.22890281435181878,-0.16510250371873594,11.395736004822098,6.180676204761685,6.199542885356731,0.0,0.5913400213492878,-0.5001166383127889,2.335861045856121,-0.17723641477350663,-0.07567649781581016,0.0,451.35232246873056,451.0758176827585,451.75087101497104,451.6025858402415
1.3200000000000007,0.2661729986944845,-0.19732324094313025,11.539323498989317,6.17075287915247,6.194763608417155,0.0,0.651455755206909,-0.5749407559487633,2.4499554231754015,-0.14856884734592965,-0.0891088530452578,0.0,449.45005523353154,448.3549870423075,447.89578419329405,450.19459864848795
1.3800000000000008,0.30719009315550294,-0.2342829178684033,11.690132231199813,6.162249286400542,6.189213203108116,0.0,0.7163243100809749,-0.6579299650489769,2.5765158058389517,-0.13071292314100855,-0.10035010629331341,0.0,454.60956742327863,453.70086246998335,452.7187370301362,454.1346481938613
1.4400000000000008,0.35175583041893066,-0.2758057359460203,11.843668542543126,6.154743457363649,6.1833810542913135,0.0,0.7696854422905509,-0.7267978201791203,2.541272956712485,-0.115743341955554,-0.09155624838281089,0.0,401.8162752727403,402.60348626880614,400.1435109616025,401.48768945472057
1.5000000000000009,0.3999525258294924,-0.32201229037473916,11.998355296258735,6.147889793164136,6.178494581135325,0.0,0.8373469906222831,-0.8140704324729381,2.6145868181921585,-0.11135939588581531,-0.06646744221649357,0.0,436.9768533304782,439.0574904651407,438.2849288116065,438.6372976218016
1.560000000000001,0.4522700775368685,-0.3735529309849111,12.157133952375426,6.1411018431850675,6.174068313513413,0.0,0.9069409959570649,-0.9045776081016007,2.677690728965272,-0.1169342882148274,-0.09529009500322745,0.0,437.48865949090026,435.0774060494669,435.4086966258194,434.9303331376129
1.620000000000001,0.5087199965392825,-0.4304860042963764,12.318471210064825,6.133828773470512,6.169039394454682,0.0,0.9751830146909742,-0.9938248816417741,2.6999476558496456,-0.13155707187620222,-0.06737305184759897,0.0,421.56565600783716,423.9645262280277,423.96762154917525,422.6951034348998
1.680000000000001,0.5697311331006272,-0.49340843799037676,12.484383022043923,6.125602567812589,6.165451699245068,0.0,1.0588664232354543,-1.104389808059044,2.8298564776619037,-0.15149303646660786,-0.047827927923980315,0.0,457.5973189395586,459.1480227802584,459.0928805669953,457.4911897132215
1.740000000000001,0.6354927692105986,-0.5626929801167345,12.655215092121594,6.116692027676184,6.16273256443556,0.0,1.1334108581246214,-1.2059094121019862,2.8642023846051456,-0.1431305818315797,-0.040723039606037625,0.0,428.21543515473115,428.8181208030089,429.12274972496493,429.810444767201
1.8000000000000012,0.7060777364033859,-0.6386551457167949,12.83054121655253,6.107984250787283,6.1600287792844775,0.0,1.219621721067779,-1.3270091206647374,2.979398284908943,-0.14945604524466727,-0.05557931818719402,0.0,455.380964420401,454.1898230151214,457.067710009409,456.5441908693999
1.8600000000000012,0.7814889843167031,-0.7215006001002898,13.009542537678742,6.0989532247890885,6.156658926995066,0.0,1.2943514620441068,-1.4352955760428967,2.9870000573250577,-0.15272555799361098,-0.057359910346400575,0.0,421.762729961348,421.6065773105289,422.76507036729294,422.46063910581796
1.9200000000000013,0.8614947402289249,-0.8110864349289146,13.189372323713075,6.089509727467293,6.153412651829328,0.0,1.3727686932024097,-1.5517232208423282,3.0069473110097875,-0.16888580382342133,-0.0482829224957458,0.0,426.8709791780047,427.6427882044634,427.534101872771,426.1300347310003
1.9800000000000013,0.9466504600507423,-0.9084193044275585,13.373291129124935,6.079260053012087,6.151319859658457,0.0,1.4659226687720774,-1.693697807806407,3.1229452233857344,-0.17501981871337463,-0.0164979291090301,0.0,457.02043589655887,459.5462464965751,460.01540150247797,459.5024215692889
2.0400000000000014,1.0375254046978095,-1.0146420475609073,13.564830763079213,6.069361956216667,6.1499690212932805,0.0,1.563258746212992,-1.8480624482083905,3.2608720032300167,-0.15007408910627182,-0.038624044390869285,0.0,467.8797335257152,466.15378167125226,466.79170605109414,468.709374293766
2.1000000000000014,1.1341263220149704,-1.1301145145239169,13.763550681182982,6.061061703607987,6.147931467594013,0.0,1.6569007924417756,-2.0018243709096812,3.3623923916523775,-0.12162909358792093,-0.025966498430766868,0.0,457.26059219260947,458.2674092084958,456.7207693406189,458.96621609383146
2.1600000000000015,1.236379022443622,-1.2549861816504055,13.968313286179775,6.053860501137439,6.146900364173575,0.0,1.7515490087774765,-2.161233363934197,3.4623128732968147,-0.11698471119939072,-0.0037400235587468807,0.0,457.1260917024472,458.8939654164348,459.4617696753312,459.81738761671136
2.2200000000000015,1.3445704432415668,-1.389995931589359,14.180801251890738,6.046829567065423,6.146469564110525,0.0,1.854725288498231,-2.3397472865143416,3.619664540223588,-0.11757985759114208,-0.015143932592292771,0.0,478.670833269663,477.802262564274,477.95509227425094,477.89847163565213
2.2800000000000016,1.459140395046237,-1.5361977160679166,14.403975913563373,6.039349094579233,6.145473782314744,0.0,1.9642131944704329,-2.534310243327014,3.8182869815878746,-0.14520407139804514,-0.019671936289441697,0.0,493.2161758410368,492.8817346300926,492.8096525670875,490.7503301100292
2.3400000000000016,1.5802497824879707,-1.6941858562083612,14.63868133959069,6.030561714786558,6.144091108876886,0.0,2.0727363341794,-2.732774458765074,4.0039382844117,-0.1490831181987942,-0.030825717034212118,0.0,491.9230530697902,491.0963482535052,490.81759586254043,490.5117083526093
2.4000000000000017,1.707483338227599,-1.8635543777081207,14.881597510751119,6.021651719159657,6.141984827273067,0.0,2.168453267602068,-2.913632967809278,4.092331264883568,-0.14735970842832283,-0.04544038494929473,0.0,464.6712523346637,463.5235012654196,463.9658081901542,464.08143399498107
2.4600000000000017,1.8408037805472455,-2.044522517449383,15.1318144603701,6.012695397930214,6.138868714245184,0.0,2.275705593715914,-3.119416349401254,4.246904231053576,-0.1533952480813512,-0.06990728753029142,0.0,487.712418002281,485.87969482004934,486.34826051821136,485.8770672197308
2.520000000000002,1.979794414609429,-2.236514078113711,15.385722250158677,6.0033116758224345,6.134730616599107,0.0,2.35760726699005,-3.281082714252645,4.216180940785194,-0.16318588763802497,-0.06715442191872334,0.0,429.3179676720331,429.5477341008695,430.89736002650596,430.0446131032561
2.580000000000002,2.124731929552681,-2.4401703187088937,15.643914332992244,5.993570375809636,6.130868806292833,0.0,2.4738823300946002,-3.5082863557611312,4.388606760498515,-0.16074506577057812,-0.05929845947936126,0.0,495.15678454312575,495.7318656460941,496.16495099130844,496.3220575455655
2.640000000000002,2.2755779655508395,-2.6555526313607603,15.905218336789567,5.983815528152231,6.127300446877189,0.0,2.554551838597104,-3.671934827964918,4.3211259408067635,-0.16652544576553396,-0.05982319231058964,0.0,421.62142639113983,421.57338512628166,422.5418041016466,422.0163519272292
2.700000000000002,2.4316914517394923,-2.8816383380377735,16.164702466442847,5.973674428449089,6.124954862248668,0.0,2.6493658050945537,-3.865093019440427,4.327506446653414,-0.17453055277073992,-0.014648395094031418,0.0,446.760100629917,450.42773818455635,448.0196732833855,447.34100112941906
2.760000000000002,2.592726871167934,-3.1179954965260372,16.41976844918386,5.963247429644403,6.123821021915148,0.0,2.7185430184694526,-4.014365871567105,4.174701634424001,-0.172331288688773,-0.029145846424129967,0.0,394.7701046418042,393.42976283690996,393.19910411255637,393.36949960418383
2.820000000000002,2.7591007399836402,-3.365789291249795,16.67256541321773,5.952984892375168,6.1223050506377525,0.0,2.827219465698785,-4.246275470342698,4.250566624197942,-0.16858482247689371,-0.01845945988609808,0.0,472.2614986181304,473.0850977775809,472.76295675518213,473.0254399329573
2.880000000000002,2.932361011602017,-3.6284230964037696,16.931848561574707,5.943921689816655,6.121007243413157,0.0,2.9479870473951753,-4.508917731021265,4.390515022277152,-0.12904963319178786,-0.028874774137828206,0.0,495.335904408362,494.569285238024,494.401468150162,497.28614220670977
2.940000000000002,3.1114255936855146,-3.9040551816792823,17.191033774812905,5.936524741059031,6.119475647588736,0.0,3.0209240788421723,-4.679560699391568,4.248921439460028,-0.11371752299773892,-0.01955495091215381,0.0,404.49689917079513,405.33532610603487,403.8835960972208,405.2488094230541
3.000000000000002,3.2952359036846297,-4.190803145262626,17.443721223078622,5.929811635657805,6.1180001189890945,0.0,3.106102030371555,-4.879354412594395,4.173547563202686,-0.1084542582877707,-0.03728435420690396,0.0,429.9703904262161,428.4652371709459,428.4569731243262,428.89269200320524
3.0600000000000023,3.484102472038488,-4.4895364691809405,17.691435594519678,5.923122127541159,6.115541140101879,0.0,3.189557004799083,-5.079074764182138,4.0831838643955445,-0.11838226812077059,-0.049652748385090886,0.0,425.7050759520375,424.64416787634866,424.7110548005717,423.84674911619624
3.1200000000000023,3.6780706137881016,-4.800530781854702,17.934018200965063,5.916170986597564,6.112300560171301,0.0,3.276205181421813,-5.288071292644154,4.002356316587557,-0.11122401929628874,-0.06457523152841035,0.0,430.3692919256549,429.10197347991857,428.3654095442969,428.96125708071054
3.1800000000000024,3.8772267405816163,-5.124099446328611,18.171382590498062,5.909996682431196,6.10865933874171,0.0,3.362544927510845,-5.498195469191957,3.909283670143951,-0.09002426727002817,-0.053869033658043616,0.0,425.9372676919776,426.8492759640969,425.03525205405566,426.8386983696795
3.2400000000000024,4.082381574256321,-5.462011641085496,18.407161348308033,5.904541169806068,6.105225288550496,0.0,3.4760549339330256,-5.765963079698727,3.948739662339091,-0.09278950290387945,-0.06499244337786596,0.0,472.58937903849215,471.7289661539606,472.88483933501425,472.6653452089742
3.3000000000000025,4.294536544160469,-5.8164142776022825,18.645896857164285,5.899122864876242,6.102039333201478,0.0,3.5958729191978094,-6.047844469620029,4.007647179062106,-0.0857522517959858,-0.03621948593606277,0.0,480.15484910316854,482.331325634441,481.5552535741735,482.08123783583943
3.3600000000000025,4.512985176965642,-6.185962404112721,18.883320777741353,5.89376209045596,6.0998064067523075,0.0,3.685818050514367,-6.271057388100484,3.90598723591686,-0.09772264924400335,-0.039285179494656465,0.0,430.03012016655737,429.7695880748571,431.68729390633615,430.6687435179782
3.4200000000000026,4.736149570667823,-6.5676105685625235,19.111079878106953,5.8878704977746565,6.097428183551585,0.0,3.7531605602436655,-6.451403905499454,3.6861322229770357,-0.09915057440252888,-0.040350060213899155,0.0,386.5463183248431,386.4448724010977,387.9877519217989,387.843812904625
3.4800000000000026,4.9652017751561255,-6.963971564245993,19.334555896486037,5.8821691788089225,6.094869718985038,0.0,3.881851421989845,-6.761032813025612,3.7613487231627536,-0.0878370839960889,-0.0476680059151438,0.0,491.0183359981109,490.4742157598087,490.97788714991526,491.809923936837
3.5400000000000027,5.201488815056317,-7.378012327835264,19.559901049192185,5.876764487155061,6.092173261904858,0.0,3.9944057854249113,-7.040831140989201,3.748925025742053,-0.09498252218067557,-0.039980845603090405,0.0,464.8802044758373,465.4812246036092,467.8264776246942,467.2632682352325
3.6000000000000028,5.443959912093003,-7.807782631176759,19.78155238639046,5.870645396810579,6.089194514463749,0.0,4.088028634213029,-7.285563884327561,3.63876493259302,-0.12210427936684523,-0.0889253798946026,0.0,438.2136318843026,434.1224734919861,435.88192508265917,433.5990265434718
3.660000000000003,5.692470011014737,-8.253184567601565,19.998258846270996,5.864161654799819,6.084543992294517,0.0,4.195866892855881,-7.561812800713525,3.583533427873482,-0.0890842698478364,-0.061126548174918874,0.0,454.6507521849274,456.8681811415269,456.1167811832463,458.73634658649655
3.720000000000003,5.947130556770731,-8.714571851165546,20.209806189307507,5.859537221619021,6.081506083952863,0.0,4.292937933625348,-7.818463989214006,3.4673023231970808,-0.06007691412983313,-0.035235163844444514,0.0,437.2528979709121,439.4032929765406,436.3457916648488,438.75615118491817
3.780000000000003,6.207915298699546,-9.192069369289907,20.415501110940355,5.85565990161818,6.079376747208528,0.0,4.399865380278094,-8.098718689847953,3.388264041088968,-0.07575558605115297,-0.03600128782182291,0.0,452.67752721088124,452.6153327070737,453.4687182417194,452.20408464322685
3.840000000000003,6.474977273472053,-9.686240748149373,20.615673161531713,5.851544077719073,6.076731113707268,0.0,4.5022091027106415,-8.374360927886759,3.283272722691991,-0.05716624262138759,-0.06978016853949036,0.0,447.38683389601806,444.6257951288681,445.0618400803747,446.5774741883172
3.900000000000003,6.748829954034245,-10.198355765186756,20.812113923640773,5.848336003054547,6.072495520308792,0.0,4.626314659030592,-8.696574093520065,3.2632520595756676,-0.046944536607007356,-0.07227011745609428,0.0,477.6026799360558,477.4092506981181,476.29520733330963,477.07481962062644
3.960000000000003,7.029730966458811,-10.729069117499998,21.005282638410982,5.84567750959441,6.068409855726978,0.0,4.737198162615653,-8.994475520464514,3.1746418056723305,-0.03949905206496322,-0.06083634287130613,0.0,456.9361330317991,457.8435900968179,456.69373924907933,457.2863223760697
4.020000000000002,7.317471918538052,-11.278096010879803,21.193593166385508,5.843135348455089,6.065065397550022,0.0,4.854220418141416,-9.307008440725562,3.1011867475859836,-0.048834439675984484,-0.0471214158986044,0.0,463.9487784374818,465.02264981903386,465.59581050410486,464.86374482749346
4.080000000000001,7.612357569847141,-11.84622702320796,21.377735297961408,5.840052304827303,6.062212834073378,0.0,4.975266008907252,-9.63131521011491,3.035545217385403,-0.05704279878400848,-0.04839865942422166,0.0,470.56164280346013,470.46150418693105,470.4060632039311,469.7682652579572
4.14,7.913459441207651,-12.431965738668119,21.55349574232367,5.837192547215727,6.05907953701886,0.0,5.0616064045921885,-9.89437746387251,2.8227574798232173,-0.03351910629995793,-0.06123803922491193,0.0,421.685467882723,420.5725091623778,419.4491927127683,421.48616209133587
4.199999999999998,8.21985654702889,-13.033859352547367,21.716735690524285,5.83569341222676,6.055452720857481,0.0,5.151814130701144,-10.169794996414801,2.618150741969994,-0.01183789464681238,-0.05891056652237771,0.0,425.5336577366659,425.73015069088626,423.0952187961596,424.9582088945731
4.259999999999997,8.532077221094186,-13.653190438779145,21.86906884368173,5.83528885035361,6.051566696987315,0.0,5.255676651133782,-10.47550764984022,2.458908916133041,0.0018798324744379409,-0.0802776005211081,0.0,443.3617872064848,441.5989070733616,442.1436492044804,443.2728284353345
4.319999999999996,8.850732132031181,-14.291361359401346,22.012340020285038,5.835702601099651,6.046390334386938,0.0,5.366376488966462,-10.797746187018145,2.3159289581763134,0.015404023090056932,-0.1022911738512421,0.0,450.5711527234408,448.78103647078655,450.1413828125041,451.23472768411426
4.379999999999995,9.176615889247364,-14.950001427758334,22.148841950912853,5.837270998414965,6.040629261742119,0.0,5.4966673466365386,-11.157614460410349,2.2328342975781306,0.041802454863791375,-0.08575767892651005,0.0,472.313954469531,473.5803549763037,472.15752839203293,474.1904747347282
4.439999999999993,9.510025801474036,-15.629794924152295,22.27888404269901,5.839845125658851,6.035143987956683,0.0,5.617236989090485,-11.50309008873735,2.101023156404566,0.04501484687211542,-0.10623155297365647,0.0,459.75618421551815,458.12366099775284,459.1168394759014,459.37266922919133
4.499999999999992,9.850642809316893,-16.330368118820815,22.400540141192486,5.842501082748713,6.028709078488699,0.0,5.7370080848594665,-11.850380696224814,1.9533197233337516,0.04272491741911454,-0.10936225023979433,0.0,456.4554844173116,456.19571772070026,455.0633006961334,454.8809602210943
4.559999999999991,10.198873866889022,-17.05257700317691,22.5143934569389,5.845134054044859,6.021963213187991,0.0,5.871012246541637,-12.22421944095645,1.8405957069774888,0.046102978350256056,-0.11940280411306822,0.0,470.12988216229473,469.3404756250373,469.9080158244948,470.1708540520053
4.6199999999999894,10.552518857625808,-17.79317167452279,22.6121588304954,5.8481706951366625,6.01484188739299,0.0,5.9177957383489295,-12.46450261447548,1.4192059107298918,0.05836926718289394,-0.11729893547683866,0.0,351.5912719989604,351.79254861280054,351.8444376829107,353.11501430986516
4.679999999999988,10.911553193800856,-18.55237621649239,22.692882612507663,5.852115168427517,6.008040757706503,0.0,6.0503808385249815,-12.843586285849268,1.270634535554187,0.07744626010253028,-0.10644667469316746,0.0,458.38237494845396,459.23318542436834,456.6336781682266,458.15641590620254
4.739999999999987,11.27790648106646,-19.33355506415038,22.762247468009914,5.856670757335923,6.002848039597165,0.0,6.161749265471513,-13.19742532738164,1.0412212934119305,0.07270113409296353,-0.06270682901060681,0.0,430.06458688793913,433.7473367444164,430.24015672236965,429.84282347660036
4.799999999999986,11.651421735243538,-20.13692674332388,22.819117676456404,5.860796895116625,5.998969891208748,0.0,6.28889548188735,-13.583333640796084,0.8538448102897968,0.05944471242990239,-0.06880133067104678,0.0,447.03632741506806,446.5362217790329,447.990681206911,446.91462619810284
4.859999999999984,12.031820189653397,-20.96272542512641,22.862201613710496,5.864651653000614,5.994677009828624,0.0,6.391329404135152,-13.945420284337132,0.5821089380699537,0.0724375550866861,-0.07769770081597355,0.0,417.5792029715675,416.79779926351245,417.085573214171,418.222447579375
4.919999999999983,12.420482672477643,-21.813496744637877,22.8952679452611,5.868758004938108,5.99025545772675,0.0,6.5640725159750755,-14.415106749472793,0.518489772116286,0.058925573598711437,-0.06669510345262944,0.0,491.3398349438892,492.1513889519781,491.6750717850152,490.6757126136154
4.979999999999982,12.817702129177949,-22.6903730317606,22.91873826040531,5.872240577268709,5.986357649301981,0.0,6.67678376873254,-14.816452893077573,0.26340422552488146,0.05621710292810091,-0.06170900781921184,0.0,428.0852531670209,428.50618303925387,428.76438827411107,428.53660834522765
5.0399999999999805,13.222457745288821,-23.592774341974142,22.929005803388772,5.875435900029586,5.983590165113032,0.0,6.815073836152725,-15.265863664901683,0.07784693447001345,0.046556645798675696,-0.025743694058914544,0.0,453.21982620646827,456.1006427398009,455.5925836797245,454.8210574542931
